JULD LONGITUDE LATITUDE POSITION_QC PRES TEMP
20402.55024999997 -66.96300000000002 39.782 b'1'  
20407.21558333328 -66.28399999999999 38.946 b'1'  
20412.085416666698 -66.51299999999998 39.425 b'1'  
20417.214291666634 -65.738 39.959 b'1'  
20422.064999999944 -64.38900000000001 40.354 b'1'  
20427.145541666658 -62.620000000000005 40.292 b'1'  
20432.046041666646 -62.40100000000001 40.521 b'1'  
20437.211624999996 -62.66199999999998 40.512 b'1'  
20442.048124999972 -63.091999999999985 40.738 b'1'  
20447.21141666663 -63.105999999999995 41.101 b'1'  
20452.076166666695 -62.855999999999995 41.256 b'1'  
20457.15454166662 -62.684000000000026 41.224 b'1'  
20462.055791666615 -62.932000000000016 41.26 b'1'  
20467.209625000018 -62.593999999999994 41.398 b'1'  
20472.054000000004 -62.37299999999999 41.426 b'1'  
20477.209249999956 -60.73399999999998 41.28 b'1'  
20482.086291666725 -59.360000000000014 39.958 b'1'  
20487.207916666637 -57.803 40.174 b'1'  
20492.065833333298 -57.94 40.962 b'1'  
20497.141625000047 -58.47800000000001 41.102 b'1'  
20502.044541666633 -58.29399999999998 41.199 b'1'  
20507.205458333367 -57.31999999999999 41.183 b'1'  
20512.042625000002 -57.07499999999999 41.266 b'1'  
20517.20416666672 -57.303 41.725 b'1'  
20522.07758333336 -57.353999999999985 42.124 b'1'  
20527.15075000003 -57.15499999999997 42.055 b'1'  
20532.056499999948 -56.673 42.127 b'1'  
20537.20112500002 -56.408000000000015 42.363 b'1'  
20542.04925000004 -56.25 42.182 b'1'  
20547.20112500002 -56.23000000000002 41.846 b'1'  
20552.099083333276 -56.327999999999975 41.765 b'1'  
20557.19954166666 -56.071000000000026 41.794 b'1'  
20562.06687500002 -56.19799999999998 41.734 b'1'  
20567.200124999974 -56.21300000000002 41.811 b'1'  
20572.048166666646 -55.870000000000005 41.784 b'1'  
20577.116416666657 -55.65699999999998 41.627 b'1'  
20582.097416666686 -55.144000000000005 39.891 b'1'  
20587.19629166671 -55.322 37.456 b'1'  
20592.075375000015 -56.31299999999999 38.521 b'1'  
20597.198208333342 -56.259000000000015 38.094 b'1'  
20602.05429166672 -57.80799999999999 38.421 b'1'  
20607.1237916667 -56.10000000000002 38.527 b'1'  
20612.11308333336 -57.16300000000001 39.647 b'1'  
20617.193166666664 -58.49599999999998 40.562 b'1'  
20622.091999999946 -56.24000000000001 39.5 b'1'  
20627.1926666667 -54.25599999999997 39.172 b'1'  
20632.064791666693 -52.91500000000002 38.675 b'1'  
20637.25549999997 -54.38900000000001 37.814 b'1'  
20642.051749999984 -55.87099999999998 37.495 b'1'  
20647.189666666673 -56.660000000000025 38.075 b'1'  
20652.095291666687 -57.774 38.418 b'1'  
20657.304166666698 -59.81200000000001 37.521 b'1'  
20662.073541666614 -57.97399999999999 36.582 b'1'  
20667.257041666657 -56.77600000000001 37.092 b'1'  
20672.0573333333 -55.411 36.135 b'1'  
20677.257708333316 -54.02499999999998 36.605 b'1'  
20682.103916666703 -53.146000000000015 38.431 b'1'  
20687.18379166664 -49.851999999999975 40.411 b'1'  
20692.082708333386 -47.627999999999986 38.477 b'1'  
20697.251874999958 -45.06099999999998 38.329 b'1'  
20702.065458333353 -44.601999999999975 37.766 b'1'  
20707.182249999954 -45.797000000000025 36.644 b'1'  
20712.112583333277 -45.571000000000026 35.328 b'1'  
20717.237333333353 -45.31099999999998 35.032 b'1'  
20722.09270833328 -45.28399999999999 35.197 b'1'  
20727.17816666665 -45.85300000000001 36.071 b'1'  
20732.07237499999 -46.74000000000001 36.003 b'1'  
20737.214416666655 -46.839999999999975 35.335 b'1'  
20742.052208333276 -46.416 35.552 b'1'  
20747.246458333335 -47.398000000000025 36.421 b'1'  
20752.09924999997 -48.233000000000004 35.295 b'1'  
20757.17479166668 -47.036 34.569 b'1'  
20762.077500000014 -47.30000000000001 35.769 b'1'  
20767.24225000001 -49.21100000000001 35.855 b'1'  
20772.05833333335 -48.04899999999998 34.898 b'1'  
20777.171875 -47.649 34.034 b'1'  
20782.104833333287 -46.781000000000006 33.301 b'1'  
20787.229124999954 -45.71199999999999 33.544 b'1'  
20792.08374999999 -45.18599999999998 33.832 b'1'  
20797.167250000057 -44.71600000000001 34.533 b'1'  
20802.06304166664 -44.51600000000002 35.405 b'1'  
20807.16650000005 -44.43700000000001 35.926 b'1'  
20812.05070833338 -44.23599999999999 36.204 b'1'  
20817.23450000002 -43.697 36.632 b'1'  
20822.090791666647 -42.90199999999999 37.33 b'1'  
20827.230958333355 -42.196000000000026 38.417 b'1'  
20832.06991666672 -41.77699999999999 39.092 b'1'  
20837.162166666705 -41.04199999999997 38.813 b'1'  
20842.04912500002 -40.863999999999976 38.437 b'1'  
20847.159083333332 -40.72199999999998 38.282 b'1'  
20852.040500000003 -41.053 37.791 b'1'  
20857.219583333354 -41.666 36.766 b'1'  
20862.075916666654 -40.875 35.576 b'1'  
20867.156833333313 -39.678 34.895 b'1'  
20872.053666666616 -38.28399999999999 34.363 b'1'  
20877.223541666637 -37.45400000000001 33.618 b'1'  
20882.04741666664 -37.16199999999998 32.978 b'1'  
20887.222874999978 -37.05599999999998 33.031 b'1'  
20892.08050000004 -37.12700000000001 32.623 b'1'  
20897.15174999996 -36.45400000000001 32.528 b'1'  
20902.059750000015 -36.14100000000002 32.895 b'1'  
20907.148958333302 -36.55500000000001 33.499 b'1'  
20912.05654166662 -36.56 34.33 b'1'  
20917.146625000052 -36.322 35.05 b'1'  
20922.08708333329 -36.11500000000001 35.397 b'1'  
20927.145291666617 -35.89999999999998 35.496 b'1'  
20932.065583333373 -35.34699999999998 35.066 b'1'  
20937.142916666693 -34.509000000000015 34.435 b'1'  
20942.04475 -33.365999999999985 34.602 b'1'  
20947.14174999995 -32.57400000000001 34.548 b'1'  
20952.044208333362 -31.463000000000022 34.154 b'1'  
20957.20908333338 -30.499000000000024 33.771 b'1'  
20962.07062500005 -29.776999999999987 33.461 b'1' 4.2 24.199
20972.048916666652 -28.206999999999994 33.506 b'1' 9.5 24.225
20977.206083333353 -27.790999999999997 33.918 b'1' 14.4 24.214
20982.10004166665 -27.583000000000027 34.753 b'1' 18.9 24.239
20987.202833333286 -26.694000000000017 35.304 b'1' 23.6 24.239
20992.09766666661 -26.39699999999999 35.181 b'1' 28.6 24.239
20997.202541666687 -26.377999999999986 35.303 b'1' 34.2 24.241
21002.05500000005 -26.394999999999982 35.416 b'1' 39.4 24.243
21007.19862499996 -26.51400000000001 35.527 b'1' 44.3 24.232
21012.163249999983 -26.588000000000022 35.683 b'1' 49.5 24.207
21017.19670833333 -26.158000000000015 35.887 b'1' 54.5 20.97
21022.091458333307 -25.74200000000002 35.592 b'1' 59.0 19.83
21027.235083333333 -25.831999999999994 35.326 b'1' 64.3 20.013
21032.060458333348 -25.95999999999998 35.383 b'1' 68.8 20.096
21037.222874999978 -26.007000000000005 35.436 b'1' 73.9 20.016
21042.086583333323 -25.456999999999994 35.239 b'1' 79.2 19.955
21047.210708333296 -24.24599999999998 34.85 b'1' 84.4 19.896
21052.08587499999 -23.605999999999995 34.066 b'1' 89.7 19.826
21057.18816666666 -24.15300000000002 33.33 b'1' 94.4 19.527
21062.222041666624 -24.822000000000003 33.147 b'1' 99.5 19.559
21067.24974999996 -25.365999999999985 33.378 b'1' 104.3 19.532
21072.150458333315 -25.38499999999999 33.863 b'1' 108.8 19.136
21077.247166666668 -25.012999999999977 34.114 b'1' 114.4 19.031
21082.146416666685 -24.466999999999985 34.151 b'1' 119.4 18.919
21087.181499999948 -24.079999999999984 33.888 b'1' 123.8 18.87
21092.146708333283 -24.216000000000008 33.73 b'1' 128.9 18.77
21097.223791666678 -24.601 33.769 b'1' 134.0 18.689
21102.04820833332 -24.685000000000002 33.934 b'1' 138.9 18.631
21107.177458333317 -24.601999999999975 34.191 b'1' 144.1 18.527
21112.142166666687 -24.182000000000016 34.602 b'1' 149.4 18.502
21117.255583333317 -23.805000000000007 34.779 b'1' 154.2 18.416
21122.228916666703 -23.72199999999998 34.727 b'1' 159.3 18.422
